Список микросхем логики

4000
4001
4002
4009
4010
40106
4011
4012
4013
4015
4016
40161
40162
4017
40174
40175
4018
4019
40192
40193
4020
4022
4023
4024
4025
4027
4028
4029
4030
4031
4040
4041
4042
4043
4044
4048
4049
4050
4051
4053
4066
4068
4069
4070
4071
4072
4073
4075
4076
4077
4078
4081
4082
4093
4094
4098
4503
4510
4511
4512
4518
4519
4520
4529
4532
4543
4572
7400
7401
7402
7403
7404
7405
7406
7407
7408
7409
7410
74107
74109
7411
74112
74113
7412
74123
74125
74126
7413
74132
74133
74136
74137
74138
74139
7414
74140
74145
74147
74148
7415
74151
74153
74157
74158
7416
74160
74161
74162
74163
74164
74165
74166
7417
74173
74174
74175
7418
74182
74190
74191
74192
74193
74194
74195
7420
7421
7422
74237
74242
74243
7425
74251
74253
74257
74258
74259
7426
74260
74266
7427
7428
74280
74283
74292
74293
74294
74298
7430
7432
74365
74366
74367
74368
7437
74375
7438
74386
74390
74393
7440
7442
7446
7447
7450
7451
7455
7458
74589
74595
74597
7460
7461
7462
7465
7472
7474
7485
7486